  -7.5507e-02   9.3248e-02  -1.0412e-01   1.1198e-01   1.1808e-01  -1.2302e-01  -1.2712e-01   1.3057e-01   1.3354e-01  -1.3623e-01  -1.3925e-01   1.4365e-01   1.4986e-01   1.5703e-01  -1.6410e-01  -1.7059e-01   1.7637e-01   1.8141e-01  -1.8573e-01  -1.8931e-01   1.9216e-01   1.9425e-01  -1.9559e-01  -1.9617e-01   1.9596e-01   1.9498e-01  -1.9321e-01  -1.9064e-01   1.8727e-01   1.8310e-01  -1.7812e-01  -1.7232e-01   1.6570e-01   1.5823e-01  -1.4990e-01  -1.4066e-01   1.3044e-01   1.1912e-01  -1.0648e-01   9.2108e-02   7.4929e-02  -5.1551e-02   2.1527e-02   3.8883e-03  -3.4183e-04  -1.7098e-05  -4.8613e-07  -7.1169e-09  -4.2287e-11  -5.3541e-14
  -1.4695e-01   1.7436e-01  -1.8670e-01   1.9219e-01   1.9362e-01  -1.9233e-01  -1.8906e-01   1.8431e-01   1.7842e-01  -1.7177e-01  -1.6510e-01   1.5931e-01   1.5422e-01   1.4825e-01  -1.4003e-01  -1.2916e-01   1.1569e-01   9.9855e-02  -8.1916e-02  -6.2167e-02   4.0917e-02   1.8497e-02   4.7450e-03   2.8445e-02  -5.2227e-02  -7.5709e-02   9.8505e-02   1.2023e-01  -1.4051e-01  -1.5897e-01   1.7526e-01   1.8904e-01  -1.9998e-01  -2.0779e-01   2.1216e-01   2.1279e-01  -2.0938e-01  -2.0153e-01   1.8871e-01  -1.6998e-01  -1.4315e-01   1.0133e-01  -4.3342e-02  -8.0381e-03   7.2949e-04   3.7856e-05   1.1222e-06   1.7228e-08   1.0815e-10   1.4659e-13
  -2.1054e-01   2.3284e-01  -2.3072e-01   2.1796e-01   1.9949e-01  -1.7774e-01  -1.5415e-01   1.2966e-01   1.0492e-01  -8.0431e-02  -5.6564e-02   3.3100e-02   8.9120e-03  -1.7015e-02   4.4550e-02   7.2748e-02  -1.0043e-01  -1.2641e-01   1.4957e-01   1.6887e-01  -1.8343e-01  -1.9248e-01   1.9548e-01   1.9205e-01  -1.8207e-01  -1.6561e-01   1.4302e-01   1.1486e-01  -8.1902e-02  -4.5141e-02   5.7411e-03  -3.4980e-02   7.5584e-02   1.1455e-01  -1.5028e-01  -1.8118e-01   2.0558e-01   2.2177e-01  -2.2788e-01   2.2152e-01   1.9851e-01  -1.4759e-01   6.5719e-02   1.2725e-02  -1.2146e-03  -6.6702e-05  -2.1041e-06  -3.4578e-08  -2.3428e-10  -3.4778e-13
  -2.6314e-01   2.6139e-01  -2.2737e-01   1.8226e-01   1.3381e-01  -8.5832e-02  -4.0454e-02  -1.0842e-03  -3.8072e-02   7.0227e-02   9.7943e-02  -1.2255e-01  -1.4504e-01  -1.6434e-01   1.7812e-01   1.8435e-01  -1.8173e-01  -1.6964e-01   1.4812e-01   1.1789e-01  -8.0268e-02  -3.7133e-02  -9.1744e-03  -5.5986e-02   1.0046e-01   1.3975e-01  -1.7120e-01  -1.9249e-01   2.0183e-01   1.9809e-01  -1.8090e-01  -1.5072e-01   1.0888e-01   5.7550e-02   3.0214e-04   6.1007e-02  -1.2028e-01  -1.7332e-01   2.1479e-01  -2.3848e-01  -2.3578e-01   1.8855e-01  -8.8869e-02  -1.8247e-02   1.8607e-03   1.0972e-04   3.7317e-06   6.6420e-08   4.9065e-10   8.0506e-13
  -3.0253e-01   2.5686e-01  -1.7780e-01   9.5508e-02   2.0402e-02   4.3244e-02   9.3840e-02  -1.3119e-01  -1.5592e-01   1.6923e-01   1.7304e-01  -1.6945e-01  -1.5869e-01  -1.3872e-01   1.0809e-01   6.7495e-02  -1.9434e-02   3.2429e-02  -8.3705e-02  -1.2974e-01   1.6605e-01   1.8881e-01  -1.9529e-01  -1.8414e-01   1.5565e-01   1.1185e-01  -5.6356e-02   5.8454e-03  -6.8803e-02  -1.2613e-01   1.7160e-01   1.9978e-01  -2.0660e-01  -1.8991e-01   1.4986e-01   8.9104e-02  -1.2930e-02   7.0849e-02  -1.5199e-01   2.1773e-01   2.5110e-01  -2.2235e-01   1.1289e-01   2.4930e-02  -2.7494e-03  -1.7583e-04  -6.4971e-06  -1.2596e-07  -1.0188e-09  -1.8536e-12
  -3.2757e-01   2.2053e-01  -9.2568e-02  -1.7721e-02  -1.0022e-01   1.5371e-01   1.8062e-01  -1.8494e-01  -1.7125e-01   1.4425e-01   1.0833e-01  -6.6467e-02  -1.9290e-02   3.2487e-02  -8.5193e-02  -1.3282e-01   1.6886e-01   1.8769e-01  -1.8558e-01  -1.6132e-01   1.1669e-01   5.6320e-02   1.2662e-02   8.1508e-02  -1.4095e-01  -1.8247e-01   1.9957e-01   1.8884e-01  -1.5065e-01  -8.9387e-02   1.3148e-02  -6.7161e-02   1.3915e-01   1.9062e-01  -2.1144e-01  -1.9524e-01   1.4096e-01   5.3910e-02   5.3610e-02  -1.6193e-01  -2.4234e-01   2.4709e-01  -1.3769e-01  -3.3130e-02   3.9891e-03   2.7844e-04   1.1225e-05   2.3769e-07   2.1086e-09   4.2582e-12
  -3.3826e-01   1.5771e-01   1.0886e-02  -1.2610e-01  -1.8574e-01   1.9861e-01   1.7661e-01  -1.3170e-01  -7.4597e-02   1.4091e-02  -4.3520e-02   9.5072e-02   1.3865e-01   1.6972e-01  -1.8164e-01  -1.6939e-01   1.3189e-01   7.2760e-02   5.7934e-07   7.5146e-02  -1.4003e-01  -1.8289e-01   1.9511e-01   1.7313e-01  -1.1950e-01  -4.2826e-02  -4.3398e-02  -1.2305e-01   1.8033e-01   2.0284e-01  -1.8441e-01  -1.2677e-01   4.0052e-02  -5.8505e-02   1.4728e-01   2.0430e-01  -2.1192e-01  -1.6152e-01   5.7521e-02   7.9502e-02   2.0947e-01  -2.6088e-01   1.6296e-01   4.3225e-02  -5.7237e-03  -4.3788e-04  -1.9304e-05  -4.4702e-07  -4.3530e-09  -9.7627e-12
  -3.3562e-01   7.6625e-02   1.1225e-01  -2.0053e-01  -2.0702e-01   1.5965e-01   8.4590e-02  -2.8620e-03   7.0507e-02  -1.2628e-01  -1.6055e-01   1.7328e-01   1.6397e-01   1.3018e-01  -7.2419e-02   2.1343e-03  -8.0445e-02  -1.4660e-01   1.8558e-01   1.8708e-01  -1.4852e-01  -7.6369e-02  -1.4586e-02  -1.0412e-01   1.7107e-01   1.9848e-01  -1.7807e-01  -1.1300e-01   1.7944e-02  -8.3806e-02   1.6564e-01   2.0441e-01  -1.8691e-01  -1.1464e-01   5.1099e-03  -1.1090e-01   1.9617e-01   2.1704e-01  -1.5472e-01   1.6360e-02  -1.5484e-01   2.6195e-01  -1.8807e-01  -5.5604e-02   8.1431e-03   6.8474e-04   3.3060e-05   8.3796e-07   8.9618e-09   2.2331e-11
  -3.2149e-01  -1.2929e-02   1.9258e-01  -2.2200e-01  -1.5778e-01   5.4110e-02  -4.9140e-02   1.2761e-01   1.7018e-01  -1.7579e-01  -1.4999e-01   1.0050e-01   3.3308e-02  -4.4265e-02   1.1842e-01   1.7104e-01  -1.8624e-01  -1.5632e-01   8.5486e-02  -1.0045e-02   1.0550e-01   1.7412e-01  -1.9504e-01  -1.6008e-01   7.7259e-02  -3.0351e-02   1.3069e-01   1.9211e-01  -1.9344e-01  -1.3173e-01   2.4667e-02  -9.3457e-02   1.8187e-01   2.0680e-01  -1.5441e-01  -3.8706e-02  -9.9130e-02  -2.0143e-01   2.1365e-01  -1.0937e-01   8.3311e-02  -2.4889e-01   2.1200e-01   7.0631e-02  -1.1494e-02  -1.0647e-03  -5.6367e-05  -1.5650e-06  -1.8392e-08  -5.0943e-11
  -2.9829e-01  -1.0113e-01   2.3800e-01  -1.8619e-01  -5.5736e-02  -7.3667e-02  -1.5893e-01   1.8625e-01   1.6123e-01  -9.9880e-02  -2.1114e-02  -5.9250e-02  -1.2884e-01  -1.7310e-01   1.7650e-01   1.3175e-01  -4.6487e-02   5.6551e-02  -1.4569e-01  -1.9064e-01   1.7369e-01   9.7406e-02   1.4324e-02   1.2323e-01  -1.8969e-01  -1.8747e-01   1.1478e-01  -3.2368e-03   1.2224e-01   1.9480e-01  -1.8929e-01  -1.0428e-01  -2.7934e-02  -1.5163e-01   2.0948e-01   1.6846e-01  -3.9587e-02   1.1860e-01  -2.1845e-01   1.8269e-01  -2.1972e-03   2.2091e-01  -2.3334e-01  -8.8599e-02   1.6092e-02   1.6454e-03   9.5620e-05   2.9103e-06   3.7606e-08   1.1585e-10
  -2.6871e-01  -1.7945e-01   2.4188e-01  -1.0359e-01   6.4582e-02  -1.7167e-01  -1.9239e-01   1.4133e-01   5.0457e-02   4.6614e-02   1.2427e-01  -1.6813e-01  -1.7007e-01  -1.2476e-01   3.7915e-02  -6.7026e-02   1.5424e-01   1.8928e-01  -1.5446e-01  -5.8734e-02  -6.2885e-02  -1.6169e-01   1.9516e-01   1.4620e-01  -3.2851e-02   9.7070e-02  -1.8549e-01  -1.9017e-01   1.0568e-01  -3.1092e-02   1.5545e-01   2.0447e-01  -1.4906e-01  -1.2593e-02  -1.3528e-01  -2.1069e-01   1.6139e-01   4.6167e-03   1.6641e-01  -2.2185e-01  -7.9185e-02  -1.7819e-01   2.5023e-01   1.0965e-01  -2.2326e-02  -2.5249e-03  -1.6127e-04  -5.3855e-06  -7.6570e-08  -2.6249e-10
  -2.3541e-01  -2.4158e-01   2.0539e-01   4.2481e-03   1.6422e-01  -2.0158e-01  -1.3491e-01   1.8890e-02  -9.1795e-02   1.6052e-01   1.7342e-01  -1.3393e-01  -5.2985e-02   5.0327e-02  -1.4263e-01  -1.8517e-01   1.5383e-01   5.5207e-02   7.1382e-02   1.6900e-01  -1.8959e-01  -1.1927e-01  -1.1252e-02  -1.3858e-01   1.9713e-01   1.5366e-01  -2.7625e-02   1.1557e-01  -1.9731e-01  -1.6905e-01   4.2550e-02  -1.1185e-01   2.0187e-01   1.6767e-01  -2.3426e-02   1.4185e-01  -2.1303e-01  -1.2622e-01  -6.9814e-02   2.1786e-01   1.5031e-01   1.2222e-01  -2.6047e-01  -1.3369e-01   3.0660e-02   3.8439e-03   2.7023e-04   9.9108e-06   1.5517e-07   5.9235e-10
  -2.0084e-01  -2.8396e-01   1.3634e-01   1.1109e-01   2.1264e-01  -1.5324e-01  -1.4786e-02  -1.1375e-01  -1.7755e-01   1.6356e-01   8.9740e-02   1.3104e-02   1.1298e-01   1.7471e-01  -1.6653e-01  -8.2137e-02  -4.5882e-02  -1.5622e-01   1.8940e-01   1.2241e-01   1.3338e-02   1.4456e-01  -1.9543e-01  -1.3281e-01  -1.0145e-02  -1.4930e-01   1.9824e-01   1.2288e-01   3.2808e-02   1.6968e-01  -1.9526e-01  -8.7181e-02  -8.4815e-02  -1.9947e-01   1.6730e-01   2.9612e-03   1.7025e-01   2.0283e-01  -4.6062e-02  -1.6966e-01  -2.0071e-01  -5.6140e-02   2.6158e-01   1.6025e-01  -4.1619e-02  -5.7997e-03  -4.4947e-04  -1.8125e-05  -3.1277e-07  -1.3307e-09
  -1.6703e-01  -3.0574e-01   4.6938e-02   1.9281e-01   1.9671e-01  -4.6816e-02   1.1206e-01  -1.8600e-01  -1.5565e-01   5.5134e-02  -6.1853e-02   1.4922e-01   1.7576e-01   1.2468e-01  -9.0669e-03   1.1825e-01  -1.8657e-01  -1.5020e-01   2.3062e-02  -1.2175e-01   1.9320e-01   1.4136e-01   4.7367e-03   1.5019e-01  -1.9501e-01  -1.0429e-01  -6.2029e-02  -1.8598e-01   1.7458e-01   3.1501e-02   1.3832e-01   2.0247e-01  -1.0440e-01   8.2781e-02  -2.0372e-01  -1.4616e-01  -5.0450e-02  -2.0526e-01   1.4879e-01   8.5471e-02   2.2159e-01  -1.5104e-02  -2.5112e-01  -1.8835e-01   5.5760e-02   8.6628e-03   7.4148e-04   3.2921e-05   6.2675e-07   2.9744e-09
  -1.3552e-01  -3.0839e-01  -4.9006e-02   2.3288e-01   1.2321e-01   7.6883e-02   1.8904e-01  -1.6137e-01  -4.0938e-02  -9.0312e-02  -1.6726e-01   1.6248e-01   7.9778e-02  -4.8581e-02   1.5818e-01   1.7967e-01  -8.9114e-02   6.3400e-02  -1.7767e-01  -1.7062e-01   4.0862e-02  -1.2154e-01   1.9563e-01   1.2119e-01   4.8935e-02   1.8274e-01  -1.7081e-01  -1.8154e-02  -1.5199e-01  -1.9490e-01   6.8501e-02  -1.2124e-01   2.0375e-01   9.6357e-02   1.0726e-01   2.0827e-01  -9.2675e-02   1.3057e-01  -2.0758e-01   1.7703e-02  -2.0765e-01   8.4808e-02   2.2705e-01   2.1637e-01  -7.3607e-02  -1.2795e-02  -1.2121e-03  -5.9339e-05  -1.2478e-06  -6.6122e-09
  -1.0734e-01  -2.9507e-01  -1.3865e-01   2.2514e-01   1.4980e-02   1.7304e-01   1.8391e-01  -5.4433e-02   9.7744e-02  -1.7609e-01  -1.4957e-01   4.3712e-02  -8.7409e-02  -1.7435e-01   1.5645e-01   3.1861e-02   1.2113e-01   1.9006e-01  -1.1535e-01   5.2348e-02  -1.8130e-01  -1.6246e-01   5.8551e-03  -1.5826e-01   1.8580e-01   4.7658e-02   1.3572e-01   1.9601e-01  -7.2456e-02   1.2244e-01  -2.0036e-01  -7.8970e-02  -1.2554e-01  -2.0176e-01   6.0327e-02  -1.5259e-01   1.9195e-01  -5.4093e-03   2.0281e-01  -1.1675e-01   1.5886e-01  -1.4495e-01  -1.8820e-01  -2.4199e-01   9.5549e-02   1.8662e-02   1.9616e-03   1.0607e-04   2.4668e-06   1.4611e-08
  -8.3043e-02  -2.6990e-01  -2.1209e-01   1.7381e-01  -9.7296e-02   2.0922e-01   1.0104e-01   7.9641e-02   1.8033e-01  -1.4757e-01  -2.3534e-02  -1.1007e-01  -1.7760e-01  -1.3171e-01  -1.0597e-02  -1.5267e-01   1.7947e-01   5.8321e-02   1.1641e-01   1.9253e-01  -9.5783e-02   9.1452e-02  -1.9525e-01  -1.1248e-01  -8.1732e-02  -1.9696e-01   1.1383e-01  -8.7825e-02   1.9984e-01   9.9620e-02   1.1061e-01   2.0077e-01  -6.3532e-02   1.5043e-01  -1.8721e-01   8.8428e-03  -1.9816e-01  -1.2190e-01  -1.3359e-01   1.8726e-01  -8.1543e-02   1.8707e-01   1.3494e-01   2.6209e-01  -1.2170e-01  -2.6844e-02  -3.1398e-03  -1.8787e-04  -4.8393e-06  -3.2079e-08
  -6.2783e-02  -2.3724e-01  -2.6336e-01   9.0967e-02  -1.8448e-01   1.7547e-01  -2.3278e-02   1.7500e-01   1.6166e-01  -2.5096e-02   1.1925e-01  -1.7705e-01  -1.1354e-01   3.6521e-02  -1.6658e-01  -1.6309e-01   1.4978e-02  -1.5199e-01   1.7861e-01   3.0589e-02   1.5109e-01   1.8054e-01  -2.1112e-02   1.6306e-01  -1.7239e-01   8.6509e-03  -1.8210e-01  -1.4961e-01  -5.7018e-02  -1.9873e-01   1.0285e-01  -1.2071e-01   1.9572e-01   1.9620e-02   1.8547e-01   1.4012e-01   1.0586e-01   1.9917e-01   2.0267e-02  -2.0965e-01  -1.1418e-02  -2.0361e-01  -6.9665e-02  -2.7297e-01   1.5170e-01   3.8024e-02   4.9651e-03   3.2946e-04   9.4145e-06   6.9936e-08
  -4.6402e-02  -2.0112e-01  -2.9058e-01  -7.1611e-03  -2.2654e-01   8.5399e-02  -1.3836e-01   1.8761e-01   5.4348e-02   1.1303e-01   1.7871e-01  -1.0676e-01   4.7624e-02   1.7041e-01  -1.5081e-01   1.0342e-02  -1.6791e-01  -1.5955e-01  -1.6984e-02  -1.7894e-01   1.4542e-01  -5.3391e-02   1.9332e-01   1.0769e-01   1.0775e-01   1.9460e-01  -4.2034e-02   1.6489e-01  -1.6365e-01   4.9946e-02  -1.9992e-01  -8.2296e-02  -1.5006e-01  -1.7393e-01  -5.3843e-02  -2.0463e-01   4.0481e-02  -1.9204e-01   1.0001e-01   1.7541e-01   1.0204e-01   1.8962e-01  -2.7329e-03   2.7065e-01  -1.8451e-01  -5.2947e-02  -7.7480e-03  -5.7156e-04  -1.8151e-05  -1.5132e-07
  -3.3538e-02  -1.6489e-01  -2.9533e-01  -1.0419e-01  -2.1634e-01  -3.0895e-02  -2.0043e-01   1.1413e-01  -8.2001e-02   1.8226e-01   1.1579e-01   4.4814e-02   1.6873e-01   1.4644e-01   1.8345e-02   1.7226e-01  -1.4689e-01   4.3492e-02  -1.8831e-01  -1.1254e-01  -1.0128e-01  -1.9254e-01   4.1477e-02  -1.6471e-01   1.5764e-01  -5.8993e-02   1.9809e-01   6.6993e-02   1.5859e-01   1.6184e-01   6.7950e-02   2.0033e-01  -3.4059e-02   1.8624e-01  -1.1624e-01   1.4292e-01  -1.6559e-01   1.0086e-01  -1.8455e-01  -9.1331e-02  -1.7030e-01  -1.4454e-01   7.4813e-02  -2.5145e-01   2.1813e-01   7.2341e-02   1.1917e-02   9.8002e-04   3.4655e-05   3.2477e-07
  -2.3711e-02  -1.3100e-01  -2.8163e-01  -1.8670e-01  -1.5944e-01  -1.3816e-01  -1.8869e-01  -1.0029e-02  -1.7575e-01   1.4311e-01  -2.4700e-02   1.6293e-01   1.5038e-01  -1.1012e-02   1.6911e-01   1.4496e-01   5.0351e-02   1.8977e-01  -9.3260e-02   1.2574e-01  -1.8161e-01   7.2549e-03  -1.8834e-01  -1.0759e-01  -1.2700e-01  -1.8021e-01  -3.0356e-02  -1.9747e-01   6.7555e-02  -1.6709e-01   1.4287e-01  -1.0854e-01   1.8624e-01  -4.3743e-02   2.0157e-01   9.0454e-03   2.0141e-01   3.5965e-02   2.0041e-01  -2.0046e-02   1.9873e-01   7.3629e-02  -1.3709e-01   2.1284e-01  -2.4949e-01  -9.6774e-02  -1.8042e-02  -1.6592e-03  -6.5478e-05  -6.9099e-07
  -1.6403e-02  -1.0103e-01  -2.5471e-01  -2.4613e-01  -7.0616e-02  -2.0721e-01  -1.1039e-01  -1.2990e-01  -1.8094e-01   2.1083e-02  -1.4903e-01   1.6195e-01   1.0088e-02  -1.5860e-01   1.5302e-01  -3.9317e-02   1.8797e-01   9.1325e-02   1.3225e-01   1.7395e-01   3.3551e-02   1.9439e-01  -6.7042e-02   1.6310e-01  -1.4411e-01   1.0013e-01  -1.8747e-01   2.5950e-02  -1.9847e-01  -4.3502e-02  -1.8567e-01  -9.8626e-02  -1.6092e-01  -1.3579e-01  -1.3680e-01  -1.5516e-01  -1.2549e-01  -1.5595e-01  -1.3855e-01   1.2512e-01  -1.7758e-01   1.1592e-02   1.7927e-01  -1.5449e-01   2.7439e-01   1.2644e-01   2.6846e-02   2.7709e-03   1.2233e-04   1.4566e-06
  -1.1105e-02  -7.5721e-02  -2.2002e-01  -2.7916e-01   3.1192e-02  -2.2234e-01   5.0235e-03  -1.9624e-01  -9.7914e-02  -1.1280e-01  -1.7829e-01   4.5250e-02  -1.3822e-01  -1.6669e-01  -1.1540e-02  -1.8166e-01   1.0611e-01  -1.2339e-01   1.7492e-01  -3.7930e-02   1.9468e-01   4.5546e-02   1.7814e-01   1.1271e-01   1.3998e-01   1.5900e-01   9.2866e-02   1.8568e-01   4.6348e-02   1.9718e-01   7.0665e-03   1.9934e-01  -2.0411e-02   1.9811e-01  -3.2091e-02   1.9832e-01  -2.2107e-02   2.0038e-01   2.0696e-02  -1.8879e-01   1.0921e-01  -9.4371e-02  -1.9222e-01   7.9271e-02  -2.8766e-01  -1.6086e-01  -3.9196e-02  -4.5594e-03  -2.2582e-04  -3.0403e-06
  -7.3593e-03  -5.5219e-02  -1.8240e-01  -2.8705e-01   1.2780e-01  -1.8344e-01   1.1884e-01  -1.8509e-01   3.1158e-02  -1.8516e-01  -9.6866e-02  -1.0301e-01  -1.7909e-01  -3.1042e-02  -1.6510e-01  -1.3339e-01  -9.7824e-02  -1.8313e-01  -2.1240e-02  -1.9375e-01   4.5592e-02  -1.8124e-01   9.7208e-02  -1.5762e-01   1.3390e-01  -1.3109e-01   1.5810e-01  -1.0711e-01   1.7267e-01  -8.9521e-02   1.8008e-01  -8.1456e-02   1.8161e-01  -8.6007e-02   1.7601e-01  -1.0646e-01   1.5670e-01  -1.4427e-01   1.0588e-01   1.8673e-01  -9.9230e-03   1.5564e-01   1.7053e-01   5.9650e-03   2.8380e-01   1.9857e-01   5.6049e-02   7.3832e-03   4.1150e-04   6.2790e-06
  -4.7749e-03  -3.9213e-02  -1.4563e-01  -2.7425e-01   2.0541e-01  -1.0326e-01   1.9687e-01  -1.0419e-01   1.4614e-01  -1.5985e-01   4.2940e-02  -1.8129e-01  -8.3975e-02   1.3082e-01  -1.6428e-01   5.2439e-02  -1.9098e-01  -1.6159e-02  -1.8878e-01  -6.6690e-02  -1.7532e-01  -1.0115e-01  -1.5993e-01  -1.2321e-01  -1.4734e-01  -1.3583e-01  -1.4002e-01  -1.4079e-01  -1.3936e-01  -1.3840e-01  -1.4615e-01  -1.2721e-01  -1.6034e-01  -1.0337e-01  -1.7977e-01  -5.9781e-02  -1.9627e-01   1.3184e-02  -1.8594e-01  -1.1631e-01  -9.2351e-02  -1.7863e-01  -1.1503e-01  -9.0340e-02  -2.5793e-01  -2.3677e-01  -7.8334e-02  -1.1751e-02  -7.3955e-04  -1.2823e-05
  -3.0337e-03  -2.7138e-02  -1.1229e-01  -2.4684e-01   2.5635e-01  -1.7861e-03   2.1933e-01   1.4018e-02   1.9776e-01  -5.3221e-02   1.5767e-01  -1.3982e-01   7.3318e-02   1.8468e-01  -1.2937e-02   1.8518e-01  -7.1455e-02   1.7051e-01  -1.0552e-01   1.5648e-01  -1.2332e-01   1.4830e-01  -1.3018e-01   1.4710e-01  -1.2858e-01   1.5254e-01  -1.1897e-01   1.6346e-01  -1.0021e-01   1.7780e-01  -6.9948e-02   1.9170e-01  -2.5027e-02   1.9793e-01   3.7007e-02   1.8313e-01   1.1313e-01   1.2501e-01   1.8080e-01   1.1204e-03   1.6508e-01   1.5433e-01   3.4569e-02   1.5997e-01   2.0721e-01   2.7110e-01   1.0674e-01   1.8354e-02   1.3096e-03   2.5876e-05
  -1.8877e-03  -1.8315e-02  -8.3778e-02  -2.1113e-01   2.7902e-01   1.0002e-01   1.8417e-01   1.2748e-01   1.6753e-01   7.9433e-02   1.8342e-01  -8.7306e-03   1.7776e-01   8.9706e-02   1.5001e-01   1.3406e-01   1.2624e-01   1.5264e-01   1.1586e-01   1.5720e-01   1.1823e-01   1.5235e-01   1.3054e-01   1.3865e-01   1.4946e-01   1.1474e-01   1.7093e-01   7.8565e-02   1.8950e-01   2.8484e-02   1.9749e-01  -3.5159e-02   1.8429e-01  -1.0707e-01   1.3665e-01  -1.7148e-01   4.2950e-02  -1.9343e-01  -8.9287e-02   1.1452e-01  -1.8177e-01  -8.6145e-02   5.4071e-02  -2.0037e-01  -1.3246e-01  -2.9569e-01  -1.4138e-01  -2.8089e-02  -2.2824e-03  -5.1556e-05
  -1.1506e-03  -1.2060e-02  -6.0589e-02  -1.7262e-01   2.7663e-01   1.8520e-01   1.0439e-01   2.0040e-01   7.1379e-02   1.7486e-01   1.0939e-01   1.2777e-01   1.5768e-01  -7.5738e-02   1.8151e-01  -4.7429e-02   1.8840e-01  -4.5222e-02   1.8795e-01  -6.2357e-02   1.8046e-01  -9.2598e-02   1.6231e-01  -1.2972e-01   1.2916e-01  -1.6606e-01   7.8041e-02  -1.9177e-01   9.2720e-03  -1.9482e-01  -7.0973e-02  -1.6264e-01  -1.4757e-01  -8.6283e-02  -1.9345e-01   2.9924e-02  -1.7046e-01   1.4995e-01  -4.6708e-02  -1.8151e-01   1.3304e-01  -8.2894e-03  -1.2881e-01   2.0005e-01   3.9656e-02   3.0361e-01   1.8141e-01   4.2045e-02   3.9107e-03   1.0134e-04
  -6.8701e-04  -7.7527e-03  -4.2532e-02  -1.3547e-01   2.5524e-01   2.4352e-01   1.5228e-03   2.1382e-01  -5.1352e-02   1.9204e-01  -2.1819e-02   1.8769e-01   3.0489e-02  -1.8329e-01   5.7804e-02  -1.8380e-01   5.2281e-02  -1.9072e-01   2.1837e-02  -1.9586e-01  -2.7183e-02  -1.8817e-01  -8.7151e-02  -1.5767e-01  -1.4622e-01  -9.8681e-02  -1.8796e-01  -1.3541e-02  -1.9375e-01   8.3855e-02  -1.4835e-01   1.6615e-01  -4.9224e-02   1.9521e-01   8.0743e-02   1.3494e-01   1.8097e-01  -1.6542e-02   1.5844e-01   1.6751e-01  -3.3606e-02   1.0002e-01   1.6772e-01  -1.5485e-01   5.9399e-02  -2.8798e-01  -2.2451e-01  -6.1428e-02  -6.5791e-03  -1.9637e-04
  -4.0192e-04  -4.8671e-03  -2.9012e-02  -1.0238e-01   2.2194e-01   2.7189e-01  -1.0164e-01   1.6847e-01  -1.5609e-01   1.2751e-01  -1.4210e-01   1.3925e-01  -1.1674e-01  -1.5478e-01  -1.1405e-01  -1.4937e-01  -1.3771e-01  -1.1957e-01  -1.7147e-01  -6.3380e-02  -1.9478e-01   1.5671e-02  -1.8752e-01   1.0313e-01  -1.3605e-01   1.7343e-01  -4.1154e-02   1.9606e-01   7.5341e-02   1.4832e-01   1.7042e-01   3.2475e-02   1.9154e-01  -1.0885e-01   1.0450e-01  -1.9174e-01  -6.3281e-02  -1.2715e-01  -1.8440e-01  -7.5103e-02  -7.9372e-02  -1.5695e-01  -1.5627e-01   7.1501e-02  -1.4779e-01   2.4369e-01   2.6646e-01   8.7387e-02   1.0853e-02   3.7474e-04
  -2.3041e-04  -2.9853e-03  -1.9249e-02  -7.4697e-02   1.8335e-01   2.7301e-01  -1.8689e-01   8.0659e-02  -2.0971e-01   1.1632e-02  -1.9447e-01   1.3585e-02  -1.8990e-01  -1.4903e-02  -1.9350e-01   2.0459e-02  -1.8894e-01   8.4687e-02  -1.5515e-01   1.5372e-01  -7.9814e-02   1.9493e-01   2.8617e-02   1.7741e-01   1.3671e-01   8.9681e-02   1.9510e-01  -4.4155e-02   1.6257e-01  -1.6273e-01   3.7997e-02  -1.9085e-01  -1.1751e-01  -8.8892e-02  -1.9349e-01   9.0637e-02  -1.0068e-01   1.8889e-01   1.0633e-01  -5.4177e-02   1.5855e-01   1.5569e-01   9.4337e-02   3.1097e-02   2.0627e-01  -1.6958e-01  -3.0098e-01  -1.2071e-01  -1.7527e-02  -7.0360e-04
  -1.2945e-04  -1.7895e-03  -1.2432e-02  -5.2711e-02   1.4471e-01   2.5321e-01  -2.4360e-01  -2.5582e-02  -1.9960e-01  -1.0865e-01  -1.5847e-01  -1.1929e-01  -1.4705e-01   1.3535e-01  -1.2072e-01   1.7222e-01  -5.4247e-02   1.9667e-01   4.7189e-02   1.6920e-01   1.4905e-01   7.3065e-02   1.9713e-01  -6.4992e-02   1.4883e-01  -1.7597e-01   1.1919e-02  -1.8411e-01  -1.3879e-01  -6.5612e-02  -1.9413e-01   1.0818e-01  -9.2014e-02   1.9358e-01   9.9693e-02   8.7255e-02   1.8865e-01  -1.2443e-01   3.4243e-02   1.5558e-01  -1.6645e-01  -9.3040e-02   2.9188e-04  -1.2459e-01  -2.1815e-01   7.0722e-02   3.1999e-01   1.6136e-01   2.7664e-02   1.2984e-03
  -7.1283e-05  -1.0488e-03  -7.8218e-03  -3.6035e-02   1.0956e-01   2.2019e-01  -2.6906e-01  -1.2660e-01  -1.3369e-01  -1.9040e-01  -5.4341e-02  -1.9174e-01  -1.7955e-02   1.9471e-01   4.4072e-02   1.7614e-01   1.3251e-01   9.9162e-02   1.9410e-01  -3.3121e-02   1.6885e-01  -1.5989e-01   4.2378e-02  -1.9296e-01  -1.1917e-01  -8.8996e-02  -1.9660e-01   8.9497e-02  -1.1179e-01   1.9448e-01   7.8394e-02   1.1376e-01   1.9320e-01  -9.0900e-02   9.0713e-02  -1.8910e-01  -1.2962e-01  -2.6199e-02  -1.5385e-01  -1.7314e-01   9.5480e-02  -8.5750e-03  -9.4813e-02   1.7857e-01   1.7541e-01   4.0184e-02  -3.1472e-01  -2.0785e-01  -4.2591e-02  -2.3524e-03
  -3.8477e-05  -6.0109e-04  -4.7971e-03  -2.3898e-02   7.9826e-02   1.8122e-01  -2.6677e-01  -2.0498e-01  -3.3790e-02  -2.0941e-01   7.1788e-02  -1.7190e-01   1.2122e-01   1.2822e-01   1.7638e-01   3.3283e-02   1.9544e-01  -1.0147e-01   1.1792e-01  -1.9364e-01  -4.3935e-02  -1.5378e-01  -1.8080e-01   1.3934e-02  -1.6588e-01   1.7407e-01   7.7889e-03   1.6432e-01   1.7688e-01  -2.3579e-02   1.4910e-01  -1.8638e-01  -6.2024e-02  -1.1144e-01  -1.9092e-01   1.2136e-01  -3.3671e-02   1.5802e-01   1.7540e-01   9.3025e-02   2.3147e-02   1.0638e-01   1.5177e-01  -1.7141e-01  -8.4341e-02  -1.4323e-01   2.7763e-01   2.5665e-01   6.3821e-02   4.1788e-03
  -2.0361e-05  -3.3700e-04  -2.8694e-03  -1.5392e-02   5.6103e-02   1.4207e-01  -2.4392e-01  -2.5202e-01   7.3829e-02  -1.6487e-01   1.7073e-01  -7.3777e-02   1.9550e-01  -1.7805e-02   1.8327e-01  -1.3644e-01   8.0832e-02  -1.9921e-01  -9.0723e-02  -1.1482e-01  -1.9734e-01   7.8258e-02  -1.1675e-01   1.9701e-01   9.1118e-02   9.7231e-02   1.9602e-01  -1.2155e-01   5.6124e-02  -1.8428e-01  -1.6016e-01   9.5179e-03  -1.4536e-01   1.8870e-01   9.6340e-02   5.8360e-02   1.6901e-01  -1.7232e-01  -8.0595e-02   4.1985e-02  -1.2962e-01  -1.5420e-01  -1.4464e-01   1.0111e-01  -3.2164e-02   2.1455e-01  -2.0525e-01  -3.0161e-01  -9.2837e-02  -7.2689e-03
  -1.0563e-05  -1.8486e-04  -1.6748e-03  -9.6368e-03   3.8110e-02   1.0658e-01  -2.0881e-01  -2.6729e-01   1.6657e-01  -7.4715e-02   2.0957e-01   5.5961e-02   1.7037e-01  -1.5327e-01   6.4757e-02  -1.9968e-01  -1.0504e-01  -1.0030e-01  -1.9989e-01   1.0285e-01  -8.9335e-02   1.9742e-01   1.2965e-01   4.8597e-02   1.8373e-01  -1.6687e-01  -1.7089e-02  -1.4387e-01  -1.9304e-01   9.8362e-02  -6.5575e-02   1.8034e-01   1.7024e-01  -4.9099e-02   9.9121e-02  -1.8267e-01  -1.5947e-01   5.3846e-02  -6.9836e-02  -1.5109e-01   1.6456e-01   1.2542e-01   7.2565e-02   9.1492e-03   1.3811e-01  -2.3258e-01   1.0128e-01   3.3398e-01   1.3069e-01   1.2362e-02
  -5.3739e-06  -9.9241e-05  -9.5429e-04  -5.8701e-03   2.5062e-02   7.6784e-02  -1.6895e-01  -2.5624e-01   2.3034e-01   3.4053e-02   1.8044e-01   1.6326e-01   6.3315e-02  -2.0199e-01  -9.6284e-02  -1.1258e-01  -2.0121e-01   9.4859e-02  -9.5380e-02   1.9899e-01   1.3454e-01   3.7275e-02   1.7713e-01  -1.8025e-01  -5.0057e-02  -1.1420e-01  -1.9568e-01   1.4179e-01  -5.8764e-03   1.4707e-01   1.9255e-01  -1.1899e-01   2.3306e-02  -1.4828e-01  -1.8806e-01   1.2848e-01   8.8360e-03   1.0761e-01   1.7014e-01   1.6282e-01  -1.0413e-01  -3.0873e-02   3.4095e-02  -1.1554e-01  -1.9489e-01   1.8643e-01   2.1071e-02  -3.4320e-01  -1.7737e-01  -2.0522e-02
  -2.6809e-06  -5.2152e-05  -5.3104e-04  -3.4814e-03   1.5977e-02   5.3264e-02  -1.3005e-01  -2.2724e-01   2.6060e-01   1.3531e-01   9.7910e-02   2.0974e-01  -7.2393e-02  -1.4214e-01  -1.9683e-01   5.6076e-02  -1.3125e-01   2.0169e-01   1.0837e-01   6.5651e-02   1.8773e-01  -1.7455e-01  -4.2121e-02  -1.1590e-01  -1.9634e-01   1.5201e-01   1.5415e-02   1.2795e-01   1.9440e-01  -1.4981e-01  -2.4066e-02  -1.1149e-01  -1.8629e-01   1.6695e-01   6.9551e-02   5.4905e-02   1.4987e-01  -1.8012e-01  -1.4349e-01  -6.4980e-02  -1.9593e-02  -8.0734e-02  -1.2354e-01   1.6980e-01   1.7677e-01  -8.3543e-02  -1.3900e-01   3.1887e-01   2.3100e-01   3.3187e-02
  -1.3116e-06  -2.6833e-05  -2.8871e-04  -2.0116e-03   9.8848e-03   3.5656e-02  -9.5699e-02  -1.8895e-01   2.6055e-01   2.1065e-01  -1.0743e-02   1.8420e-01  -1.7746e-01  -1.0031e-02  -1.7947e-01   1.8575e-01   4.3239e-02   1.2660e-01   2.0252e-01  -1.4148e-01   8.2327e-03  -1.4948e-01  -1.9918e-01   1.3359e-01  -5.1310e-03   1.3842e-01   1.9626e-01  -1.5242e-01  -3.3528e-02  -9.9042e-02  -1.8205e-01   1.8024e-01   9.9518e-02   2.0469e-02   1.2771e-01  -1.8147e-01  -1.6734e-01   9.8503e-02   5.5845e-03  -7.8483e-02   1.3084e-01   1.4536e-01   1.4698e-01  -1.4249e-01  -8.5544e-02  -4.7212e-02   2.2369e-01  -2.5407e-01  -2.8694e-01  -5.2172e-02
  -6.2942e-07  -1.3519e-05  -1.5340e-04  -1.1331e-03   5.9415e-03   2.3076e-02  -6.7556e-02  -1.4861e-01   2.3800e-01   2.5198e-01  -1.1685e-01   1.0094e-01  -2.1273e-01   1.2687e-01  -5.9971e-02   1.9184e-01   1.8459e-01  -5.8881e-02   9.7927e-02  -1.9383e-01  -1.8122e-01   7.3975e-02  -6.8091e-02   1.7369e-01   1.9474e-01  -1.2581e-01  -2.1177e-03  -1.1986e-01  -1.8861e-01   1.7860e-01   9.8040e-02   1.7874e-02   1.2366e-01  -1.8201e-01  -1.7653e-01   1.1482e-01   2.2089e-02   7.0362e-02   1.3682e-01   1.6449e-01  -1.5480e-01  -1.2103e-01  -8.7495e-02   4.2463e-02  -4.3625e-02   1.6080e-01  -2.4819e-01   1.4939e-01   3.3713e-01   7.9524e-02
  -2.9628e-07  -6.6716e-06  -7.9686e-05  -6.2247e-04   3.4724e-03   1.4459e-02  -4.5878e-02  -1.1123e-01   2.0225e-01   2.6038e-01  -1.9890e-01  -1.0836e-02  -1.7089e-01   2.0699e-01   9.1804e-02   7.6223e-02   1.9015e-01  -1.9483e-01  -9.9753e-02  -4.0096e-02  -1.5708e-01   2.0153e-01   1.5940e-01  -5.3099e-02   7.1711e-02  -1.6611e-01  -1.9647e-01   1.5509e-01   6.0292e-02   5.2639e-02   1.4523e-01  -1.8898e-01  -1.7353e-01   1.0781e-01   1.4741e-02   7.7632e-02   1.4532e-01  -1.7474e-01  -1.6482e-01  -1.2500e-01   7.0728e-02   1.8913e-02  -2.4054e-02   8.0547e-02   1.5210e-01  -2.1098e-01   1.9825e-01  -1.6670e-02  -3.7019e-01  -1.1718e-01
  -1.3682e-07  -3.2252e-06  -4.0479e-05  -3.3369e-04   1.9748e-03   8.7827e-03  -3.0041e-02  -7.9579e-02   1.6166e-01   2.4298e-01  -2.4626e-01  -1.1990e-01  -7.2499e-02   2.0102e-01   1.9707e-01  -8.5351e-02   6.1838e-02  -1.7305e-01  -2.0577e-01   1.5500e-01   4.7246e-02   7.4191e-02   1.6624e-01  -1.9997e-01  -1.6796e-01   8.3995e-02  -2.3454e-02   1.2130e-01   1.8196e-01  -1.9061e-01  -1.4799e-01   6.8491e-02  -2.5285e-02   1.0943e-01   1.6510e-01  -1.8258e-01  -1.6235e-01   1.1344e-01   4.9795e-02  -1.3803e-02   6.4938e-02   9.5960e-02   1.2053e-01  -1.5742e-01  -1.8362e-01   1.7129e-01  -8.2595e-02  -1.1971e-01   3.7274e-01   1.6633e-01
  -6.1985e-08  -1.5276e-06  -2.0113e-05  -1.7463e-04   1.0936e-03   5.1773e-03  -1.9001e-02  -5.4610e-02   1.2244e-01   2.0937e-01  -2.5866e-01  -2.0275e-01   4.7530e-02   1.1795e-01   2.0887e-01  -1.9823e-01  -1.0800e-01  -1.6779e-02  -1.2936e-01   1.9521e-01   1.9891e-01  -1.4458e-01  -5.1653e-02  -5.2367e-02  -1.3988e-01   1.8997e-01   1.9266e-01  -1.5003e-01  -7.4466e-02  -1.5314e-02  -9.9120e-02   1.5989e-01   1.8705e-01  -1.7793e-01  -1.3740e-01   7.5810e-02   6.1235e-03   5.9086e-02   1.1005e-01   1.4119e-01  -1.5113e-01  -1.4301e-01  -1.3757e-01   1.3903e-01   1.1629e-01  -5.3091e-02  -6.3119e-02   2.2595e-01  -3.3249e-01  -2.2638e-01
  -2.7554e-08  -7.0900e-07  -9.7785e-06  -8.9247e-05   5.9004e-04   2.9647e-03  -1.1626e-02  -3.6038e-02   8.8331e-02   1.6876e-01  -2.4293e-01  -2.4803e-01   1.5495e-01  -6.4418e-03   1.2854e-01  -2.0461e-01  -2.0889e-01   1.5197e-01   5.7439e-02   4.6851e-02   1.3546e-01  -1.8997e-01  -2.0143e-01   1.7062e-01   1.0654e-01  -2.3715e-02   6.1167e-02  -1.3254e-01  -1.7863e-01   1.9310e-01   1.7558e-01  -1.3107e-01  -6.8485e-02  -1.3281e-03  -6.7589e-02   1.2138e-01   1.5684e-01  -1.7172e-01  -1.6718e-01  -1.4714e-01   1.1716e-01   8.4246e-02   5.9384e-02  -3.1885e-02   1.7508e-02  -9.1206e-02   1.8377e-01  -2.6782e-01   2.4303e-01   2.9376e-01
  -1.2019e-08  -3.2251e-07  -4.6523e-06  -4.4558e-05   3.1032e-04   1.6502e-03  -6.8897e-03  -2.2913e-02   6.0904e-02   1.2823e-01  -2.0904e-01  -2.5576e-01   2.2653e-01  -1.2880e-01  -4.1062e-03  -1.0801e-01  -1.8352e-01   2.1283e-01   1.9717e-01  -1.4518e-01  -6.9879e-02  -1.4015e-02  -9.2440e-02   1.5382e-01   1.9029e-01  -1.9831e-01  -1.7860e-01   1.3559e-01   7.6378e-02  -9.5223e-03   5.6216e-02  -1.1305e-01  -1.5504e-01   1.7869e-01   1.8307e-01  -1.6966e-01  -1.4189e-01   1.0444e-01   6.2584e-02   2.1525e-02   1.3949e-02   3.9723e-02   6.1931e-02  -9.6698e-02  -1.4070e-01   1.8757e-01  -2.2519e-01   2.2426e-01  -1.0932e-01  -3.6068e-01
  -5.1444e-09  -1.4378e-07  -2.1663e-06  -2.1735e-05   1.5913e-04   8.9320e-04  -3.9561e-03  -1.4048e-02   4.0206e-02   9.2232e-02  -1.6679e-01  -2.3369e-01   2.5360e-01  -2.1489e-01  -1.3523e-01   3.9185e-02  -5.3609e-02   1.2999e-01   1.8221e-01  -2.0695e-01  -2.0445e-01   1.7778e-01   1.3209e-01  -7.3807e-02  -9.8952e-03  -5.2852e-02  -1.0842e-01   1.5203e-01   1.8047e-01  -1.9221e-01  -1.8736e-01   1.6755e-01   1.3554e-01  -9.4947e-02  -4.9745e-02   3.9070e-03  -3.8962e-02   7.5898e-02   1.0473e-01   1.2408e-01  -1.3300e-01  -1.3157e-01  -1.3611e-01   1.5690e-01   1.7380e-01  -1.7883e-01   1.6170e-01  -1.0138e-01  -4.8081e-02   4.1447e-01
  -2.1600e-09  -6.2800e-08  -9.8679e-07  -1.0353e-05   7.9499e-05   4.6968e-04  -2.1988e-03  -8.2946e-03   2.5383e-02   6.2775e-02  -1.2382e-01  -1.9270e-01   2.3986e-01  -2.4814e-01  -2.2082e-01   1.6942e-01   1.0493e-01  -3.5991e-02   3.0787e-02  -9.0411e-02  -1.3926e-01   1.7495e-01   1.9623e-01  -2.0290e-01  -1.9566e-01   1.7602e-01   1.4606e-01  -1.0833e-01  -6.5604e-02   2.0712e-02  -2.3624e-02   6.4959e-02   1.0124e-01  -1.3092e-01  -1.5296e-01   1.6692e-01   1.7287e-01  -1.7137e-01  -1.6336e-01  -1.5001e-01   1.3242e-01   1.1232e-01   1.0187e-01  -1.0056e-01  -8.9415e-02   6.3515e-02  -1.7115e-02  -6.0977e-02   1.9335e-01  -4.3841e-01
  -8.8759e-10  -2.6800e-08  -4.3829e-07  -4.7969e-06   3.8518e-05   2.3863e-04  -1.1752e-03  -4.6809e-03   1.5191e-02   4.0054e-02  -8.4809e-02  -1.4312e-01   1.9627e-01  -2.2939e-01  -2.4011e-01   2.3249e-01   2.1125e-01  -1.8026e-01  -1.4258e-01   1.0074e-01   5.6927e-02  -1.3048e-02   2.9237e-02  -6.8504e-02  -1.0357e-01   1.3349e-01   1.5758e-01  -1.7540e-01  -1.8678e-01   1.9175e-01   1.9061e-01  -1.8382e-01  -1.7204e-01   1.5606e-01   1.3677e-01  -1.1515e-01  -9.2213e-02   6.8994e-02   4.6512e-02   2.5788e-02  -7.9072e-03   5.8482e-03   1.7240e-02  -3.4133e-02  -5.8664e-02   9.1963e-02  -1.3668e-01   1.9737e-01  -2.8277e-01   4.1483e-01
  -3.5170e-10  -1.0992e-08  -1.8639e-07  -2.1184e-06   1.7695e-05   1.1425e-04  -5.8750e-04  -2.4488e-03   8.3363e-03   2.3121e-02  -5.1673e-02  -9.2488e-02   1.3554e-01  -1.7111e-01  -1.9623e-01   2.1203e-01   2.2031e-01  -2.2251e-01  -2.1965e-01   2.1250e-01   2.0168e-01  -1.8772e-01  -1.7110e-01   1.5230e-01   1.3175e-01  -1.0990e-01  -8.7168e-02   6.3969e-02   4.0706e-02  -1.7763e-02   4.4959e-03  -2.5729e-02  -4.5620e-02   6.3878e-02   8.0239e-02  -9.4464e-02  -1.0633e-01   1.1561e-01   1.2203e-01   1.2520e-01  -1.2430e-01  -1.1865e-01  -1.2134e-01   1.4096e-01   1.6277e-01  -1.8587e-01   2.1187e-01  -2.4239e-01   2.8001e-01  -3.3085e-01
  -1.2100e-10  -3.8838e-09  -6.7692e-08  -7.9142e-07   6.8055e-06   4.5267e-05  -2.4002e-04  -1.0324e-03   3.6300e-03   1.0409e-02  -2.4078e-02  -4.4692e-02   6.8126e-02  -8.9848e-02  -1.0819e-01   1.2345e-01   1.3630e-01  -1.4728e-01  -1.5673e-01   1.6489e-01   1.7189e-01  -1.7783e-01  -1.8278e-01   1.8678e-01   1.8988e-01  -1.9210e-01  -1.9347e-01   1.9401e-01   1.9375e-01  -1.9270e-01  -1.9089e-01   1.8834e-01   1.8506e-01  -1.8107e-01  -1.7638e-01   1.7100e-01   1.6490e-01  -1.5804e-01  -1.5032e-01  -1.4146e-01   1.3083e-01   1.1803e-01   1.1524e-01  -1.2736e-01  -1.3869e-01   1.4826e-01  -1.5716e-01   1.6599e-01  -1.7531e-01   1.8612e-01

